1.3467083795666308E-4 7.281973423393462E-5 -1.2879200606705793E-4 3.457081559834246E-4 -9.310783028566578E-5 1.1832146896722287E-5 -1.0964782768148382E-4 -9.532710525660995E-5 -7.09977708543732E-5 -6.715833492555387E-5 
1.359556558981145E-4 7.1371072688947E-5 -1.1440685903976132E-4 3.4040812415958035E-4 -1.1297090769902141E-4 2.12529468965882E-5 -1.1775354278949996E-4 -8.807326962604515E-5 -6.555552925591143E-5 -7.022769123299072E-5 
1.30859247702169E-4 7.322293150026902E-5 -1.3013348308574046E-4 3.370176659132822E-4 -1.255561178036279E-4 3.856887893018597E-5 -1.145533970367065E-4 -9.472433349437405E-5 -5.968628354440447E-5 -5.501510908105284E-5 
1.3707626175320456E-4 6.913419993698516E-5 -8.929976755600575E-5 3.2608465237710614E-4 -1.099088155138505E-4 6.978294440580112E-6 -1.1336287798086767E-4 -8.405020691051224E-5 -7.227814266344467E-5 -7.03735978831952E-5 
1.2940497553354377E-4 7.63525873792247E-5 -1.193729132859422E-4 3.1589343628576146E-4 -1.2408753840612558E-4 3.9578216561648943E-5 -1.0159345842390131E-4 -9.1169121309823E-5 -6.0251597636050026E-5 -6.47545866983368E-5 
1.317208893765973E-4 6.672831078465818E-5 -8.279220359898925E-5 3.354538479022164E-4 -1.563933258638017E-4 -8.16355305398703E-7 -9.607780019671104E-5 -7.253824205724505E-5 -5.682957659383196E-5 -6.845554444749422E-5 
1.3918331048328193E-4 1.7003695111208146E-4 -1.1235845057403019E-4 2.730672462738517E-4 -1.1874932867648312E-4 4.238936787518993E-6 -1.1343183520839438E-4 -9.316280258192168E-5 -6.98457117367032E-5 -7.897831587920143E-5 
1.5921762823620122E-4 8.700298855380966E-5 -1.0292705437108122E-4 3.883161261856994E-4 -1.2867828403022798E-4 -3.761155375220068E-6 -1.2918039741156552E-4 -1.0722963817933567E-4 -9.76288829108449E-5 -6.513133069743486E-5 
1.4403627075837728E-4 9.062913585070265E-5 -1.4352173178411133E-4 3.7175290064003584E-4 -1.5592606405539098E-4 4.784295531641191E-5 -1.3447987495013745E-4 -1.0068214729436163E-4 -6.452743072145037E-5 -5.5124013760075954E-5 
1.488901762175162E-4 1.0965514429736806E-4 -1.2559494456389434E-4 3.721462421754869E-4 -1.68062474018073E-4 4.511284754439184E-5 -1.1700221856262185E-4 -9.547795962042431E-5 -7.695628395838275E-5 -9.271052951136676E-5 
1.933037751551793E-4 6.777629608762348E-5 -6.91564439143286E-5 2.822253122418039E-4 -1.344900894056565E-4 2.605065818197816E-5 -1.0788916524304608E-4 -1.0443364798770906E-4 -9.322465146447687E-5 -6.0162043651367715E-5 
2.055518364095932E-4 5.713673209021001E-5 -1.0825759748967849E-4 3.0340649012881345E-4 -1.168728634186239E-4 2.7366494324140352E-5 -1.1574247243887227E-4 -9.024812033176793E-5 -7.475713778121694E-5 -8.758336149259753E-5 
1.9843792996227685E-4 5.479508432101599E-5 -1.0442331443485805E-4 2.963193576537431E-4 -1.186956181807875E-4 1.04487256026033E-5 -1.1394100732537768E-4 -9.340908581312764E-5 -5.652946694106745E-5 -7.300260484442098E-5 
1.993017443177356E-4 5.0582855958362055E-5 -1.295268781455952E-4 3.0593842061917584E-4 -1.1396930959447353E-4 1.7025487774996762E-5 -9.838761460637131E-5 -8.666550429346118E-5 -6.805648780392846E-5 -7.624271422644054E-5 
2.0447545144750278E-4 5.3646367138655904E-5 -8.985278829948966E-5 3.0405658138764287E-4 -1.2358096390957142E-4 1.3581472850905596E-5 -1.012108840266142E-4 -1.1098315782204324E-4 -6.178579154729084E-5 -8.83462872196978E-5 
1.889079129146558E-4 6.964417705567317E-5 -1.2736716642255516E-4 2.6145918483544856E-4 -1.1698428487329385E-4 4.832034177835043E-6 -8.487132208074457E-5 -7.034422649523793E-5 -7.055538153109531E-5 -5.472092758068571E-5 
2.0698574213731666E-4 6.538528506365622E-5 -1.023810936430113E-4 2.7726706118998373E-4 -1.2188328718139067E-4 9.800658883828126E-6 -1.253914919398983E-4 -7.8936883955626E-5 -6.535882924023642E-5 -6.548716131462197E-5 
2.0049481354755434E-4 6.04359608659263E-5 -1.3739515176743383E-4 2.9052170214790283E-4 -1.1679936393667891E-4 1.5191448784809449E-5 -9.54771721487337E-5 -7.504806404333108E-5 -7.548632699615231E-5 -6.643784645386315E-5 
1.981721334346787E-4 6.225308767767269E-5 -1.0066072057272181E-4 2.9517532694506835E-4 -1.23740421807848E-4 1.723810830986519E-5 -1.399539745702918E-4 -7.323733000359657E-5 -6.577003359856207E-5 -6.94761758142647E-5 
2.0579082348778116E-4 6.959505205035155E-5 -1.1448160213030924E-4 2.759684062421849E-4 -1.2270008297967242E-4 -5.689542723200136E-6 -1.0360909332028893E-4 -1.03783823583823E-4 -4.872846284711808E-5 -5.236167419590581E-5 
